1681295024
346220336
306597429
1392099059
1332146991
2143396850
609969204
262270675
587545097
1980106652
863167423
1700993112
1522077185
1686948401
1853839795
261087616
325704190
506846116
1282864255
1067472916
1629230059
1550538844
736861859
481710734
1543066913
697571194
161266705
677689533
719230625
170192205
292085523
1911610641
1777700386
570346839
138404647
1705425931
958340132
1027570254
2145878913
428011433
171113289
269545027
1469564865
235832710
1856310171
1126942773
1868155493
933786447
1420045254
372305783
1608560649
1278845884
306143646
277354399
1744325518
1422465875
1923109191
1740248161
833826083
1052563920
983948801
521718701
1168789725
1866894319
1331041909
1957769751
413561462
1781304509
889715269
2046728657
630177953
1597687858
1571934793
1611812201
40169287
157856076
2118502590
203765064
25619925
195040302
1617168248
1698124799
1745467763
112214481
196630206
1850618561
1487765526
2134551480
631004073
1210914541
1977203460
2031248748
1755441576
1397403373
139466398
1458180607
686628895
395902816
259267000
699363737
